R=0.32;
I=1.5;
cl=50000;
m=250;

